   56   35   89   61   44   32   34   35
   80   54   99   18   71    7   95   66
   95   36   94   77   13   39   52   44
   37   19    6   22   58   30    9   89
   88   69   12   41   15   84   37   94
   47   35   63   25   33   83   63   38
   20   45   24   82   63   89   75   10
   35   12   54   89   36   66   60   75
   85   79   98   53   62   37   66   47
   95   78   12   11   64   54   84    3
   10   20   12   51   28    2   58   13
   17    7   44   49   86   22   22   93
   81   71   83   47   18   67   61   94
   13   39   55   43   77   71   93    4
   64   19   86   10   52   56   82   81
   40   12   73   44   38   52   71   12
   39   56   84   30   43   54   43   93
   24   81   78   39   19   92    8   35
   13    6   53   45   14   35   10    1
   90   45   20   73   51   16   63   57
   55   50    2   66   31   85   15   57
   82   72   51   78   64   78   26   51
   16   51    3   98   22   28   85   14
   88   26   45   92   17   80   40    8
   56   78   15   72    6   52   62   56
   70   88   25   92   20    1   28   59
   67   31    8   65   17   31   32   19
   84   84   89   11   60   18   19    2
  100   69   87   25   25   55   48   17
    6   10   33   71   26   35   73   25
   90   29   19  100   69   48   57   70
   59   54   75   99   33    7    4   33
   77   58   59   57   74  100   21   23
   35   25   85   60   51   63    5   72
   38   34   71   13   81   86   48   77
   25   75    6   79   22   33   76   51
    7   89   56   55   71   97    9   11
   37   27   79   63   96   73   46   75
  100   41   77   69   88   61   73    7
   27   96   68   31   44   89  100   62
   41   10   83   63   66   67   21   76
   21   17   88   36   93   60    1   71
   91   52   34   92   54   93   82   83
   40   69   26   92   46   70   20   27
   64   76   26   83   40   31   48   71
   27  100   70   95    7   25   56   48
   60   74   18   59   76   10    6   86
   71   53   29   54    8   82   63   65
   88   46   54   69    4   22   60    2
   29   89   63   10   32   74   77   53
   88   23   89    7   80   46   57   49
   57   14    5   66   39   35   37   51
   60   90   15   37    1   76   11   34
   29    3   86    8   93   21   14   90
   86   17   86   24   27   41   30   66
   67   24   63   33   83   44   31   16
   57   80   41   54    7   35   36   85
   62   67   40   73   49   86   95   17
   96   85   30   60    6   40   98   84
    1   62   96   17   10   33   15   46
   86   95   41   47   27   49   50   33
   93   12    7   43   87   94   31   49
   92   58   23   17   38   96   18    8
   92   12   76   36   27   31   39   86
   87   23   10   96   98   75   49   10
   21   76   50   15   28   78   15   59
   78   75   49   55   77   68   28   97
    1   63   56   62   67   72   38   35
   30   55   21   40   87   72   11    4
   73    2   14   41   22   76   19   73
   91   83   71   91    5   21   46   70
   23   15   71   27   98   99   24   48
   18   89   30   73   95   10   97   61
    8   41   23   29   52   31   99   76
   99   33   38   96   38   25   71   99
   82   68   39   17   18   59   94   38
   83   31   73   45   53   63   45   82
   19   50   86   44   31   96   90    8
   99   82   74  100   23   58   86   13
   37   34   56   74   55    6   23   74
   89   91   67   64   21   10   79   24
   26   89   89    5    5   28    9   65
   23   95   90   87   36    5   52   99
   73   27  100   97   71  100   69   79
   32   87   13   92   94   40  100    1
   84   29    3   91   48   89   54    2
   31   42   74   98   87   54   12   97
   11   70   33   41   57    8   70   36
   40   42   91   48   96   45   94   82
   77   44   78   35   69   49    5   25
   15  100   97   30   16    1   93    6
  100   90   96   18   35    2   48   80
   69   86   61    7   82   24   25   95
   20   16   45   25    6   84   23    1
   99   51   12   38   94   50   99   81
   22   23   10   96   60   62    4    6
   10   55   67    2   40   82   41   22
   61   32   19    8   28   77   49   52
   39   85   53   30   24    9   18   31
   90    8   79   97   17   72   20   63
   83   90   33   21   88   33   68    1
   79   86   94   86   37   14    8   55
   20   97   33   73   39   93   19   25
   47   93   90    3   23   23   60   57
   39   42   64    7   75   92   18   27
   82   78   44   16   65   92    3   43
   60   89   49   89    5   22   52   84
   69   31    7   50   26   15   69   51
   62   63   47   60   82   86   79   52
   12   14   27   14   75   11   20    8
    7   68   78   57   18   25   48   89
   63   81   78   30    5   50   74   62
   66   16   50   39   20   44   25   82
   41    7   82   51   63   78   27   96
   42   49   79   12    6   35   19   74
   65    9   33   92   71   39   82   65
   97   67   21   55   34    3    7   83
   73   76   27   52   54    5   72   10
   75   52   91   44   27   91   58   32
   46   87   81   41   64   98   83   91
   31   90   91   78   97    6   60   73
   41   45   63    3    6   14   83    9
   49    3   35    1   72   41   41   11
    6   94   13   40   59   50   46   28
   76   65   71   33   16    3   99   29
   12   47   72   41    6   30   73    7