45
94
44
82
1
17
34
96
87
98
29
65
22
76
97
25
47
85
25
48
39
23
54
53
20
49
74
24
6
54
9
54
33
90
50
43
11
11
59
62
46
9
23
95
70
7
50
97
30
71
8
66
80
29
3
60
10
42
75
74
64
17
25
1
93
10
49
79
76
13
88
70
66
68
74
62
93
93
82
34
73
85
58
88
73
65
47
76
59
40
88
38
93
47
81
64
99
42
27
16
63
22
16
98
94
18
79
35
7
63
76
32
48
75
33
75
31
37
6
66
13
45
81
17
56
81
82
25
20
95
11
48
32
53
84
95
71
21
75
51
20
63
57
54
18
10
32
57
62
74
42
62
9
79
64
83
9
75
75
31
17
96
74
40
38
43
76
77
32
60
47
15
37
58
97
36
43
75
100
31
68
18
59
63
80
84
94
78
1
4
52
100
45
89
32
25
30
44
19
27
6
33
22
4
54
32
8
78
74
74
25
64
44
33
8
38
51
19
69
9
77
61
49
20
54
38
44
4
49
31
84
1
16
61
70
60
61
87
48
51
59
33
38
93
79
2
82
27
42
61
31
55
74
57
45
44
87
28
14
46
32
95
88
19
78
80
5
95
42
44
18
95
36
92
15
21
55
25
18
36
65
9
66
62
23
23
62
98
79
60
90
91
9
45
89
75
2
47
86
91
77
44
62
19
39
13
74
22
50
22
97
40
28
77
6
47
48
8
68
74
63
53
61
46
2
11
90
26
93
38
14
98
36
45
70
99
96
76
79
37
33
32
43
84
32
1
22
92
70
81
74
33
61
48
63
87
29
41
36
3
46
46
36
33
86
24
74
82
28
80
36
78
69
11
25
81
71
33
34
51
100
29
32
5
92
2
75
60
1
2
19
2
55
83
41
84
85
78
50
82
49
41
95
24
15
36
55
12
33
46
2
46
44
56
42
90
67
92
18
79
22
77
72
90
4
82
61
7
86
23
17
82
67
96
51
23
23
1
88
28
1
31
31
66
2
88
45
55
92
13
59
25
90
73
73
1
72
92
74
27
37
90
40
34
86
100
42
92
38
20
25
48
50
96
71
71
68
67
27
37
66
80
7
51
99
11
44
40
31
82
100
37
78
34
25
59
1
26
48
17
99
25
8
61
49
70
13
90
30
56
17
41
82
26
16
76
33
33
49
78
48
40
4
100
44
25
25
48
2
66
96
52
39
67
24
22
62
1
94
17
69
35
87
41
27
2
82
89
73
99
97
57
83
72
94
46
62
54
33
57
73
32
54
20
84
15
5
59
45
54
93
20
59
3
56
80
81
78
48
47
91
89
41
87
90
4
22
76
54
28
89
15
90
54
35
13
55
58
25
64
50
13
36
32
70
78
82
69
17
45
97
78
55
100
78
46
17
79
84
58
36
76
74
17
26
80
96
93
65
4
2
1
21
82
88
55
63
98
70
88
5
9
58
76
26
48
48
82
5
60
18
29
17
44
15
28
44